-3.367693000000000075e-02 -2.316256800000000143e-02 -7.741154000000000091e-01 6.317237999999999465e-01
-3.204384450000000162e-01 -6.188755999999999702e-01 6.998543999999999876e-01 -1.565756500000000107e-01
3.564596179999999781e-01 6.745419499999999458e-01 -5.563199519999999509e-01 3.292997180000000190e-01
3.143217560000000077e-01 7.364846999999999921e-01 -4.712630999999999903e-01 3.697344659999999839e-01
3.143227399999999894e-01 7.364834550000000091e-01 -4.712655000000000038e-01 3.697331249999999958e-01
1.921670880000000137e-01 -4.021011999999999920e-01 6.287035349999999800e-01 -6.372740999999999545e-01
-3.789004999999999734e-01 5.635168550000000387e-01 -5.304763000000000117e-01 5.074231620000000387e-01
-4.693434000000000217e-01 6.549490999999999508e-01 -4.123080000000000078e-01 4.251594839999999764e-01
-4.693441389999999935e-01 6.549482349999999897e-01 -4.123074709999999810e-01 4.251605999999999996e-01
2.347984909999999981e-01 -2.369505759999999961e-01 6.022433999999999843e-01 -7.252770659999999703e-01
-5.363651000000000391e-01 4.998714000000000213e-01 -4.908746179999999848e-01 4.706202999999999914e-01
-6.582974999999999799e-01 6.301521660000000136e-01 -3.061659339999999729e-01 2.753460409999999858e-01
-6.582974000000000325e-01 6.301520999999999928e-01 -3.061660829999999778e-01 2.753461999999999854e-01
3.024011999999999811e-01 -1.645147200000000032e-01 5.477697000000000260e-01 -7.625199999999999756e-01
-5.942904350000000058e-01 3.798605800000000032e-01 -4.339623450000000271e-01 5.605371000000000103e-01
-7.298506500000000452e-01 4.881658549999999819e-01 -3.071016670000000226e-01 3.670163750000000058e-01
-7.298505309999999691e-01 4.881657660000000010e-01 -3.071018160000000274e-01 3.670166000000000261e-01
3.646927770000000235e-01 -3.735797479999999893e-02 5.057329539999999568e-01 -7.809211000000000347e-01
-6.485883000000000065e-01 2.341853379999999929e-01 -4.147612450000000006e-01 5.936867000000000116e-01
-7.835530640000000213e-01 3.364218179999999836e-01 -3.371795000000000209e-01 3.989677730000000255e-01
-7.835531999999999497e-01 3.364218179999999836e-01 -3.371794000000000180e-01 3.989675999999999778e-01
