1.912899319999999959e-01 4.504291710000000171e-01 2.239155919999999966e-01 8.428425999999999974e-01
1.409303550000000071e-01 -2.877057490000000106e-01 4.287092000000000125e-01 8.447320000000000384e-01
1.109448370000000045e-01 -2.642465230000000109e-01 1.811704189999999992e-01 9.407668999999999615e-01
4.587732630000000006e-02 -2.760986000000000273e-01 1.625376639999999984e-01 9.461745620000000523e-01
4.587986320000000257e-02 -2.760982810000000010e-01 1.625383999999999995e-01 9.461743999999999710e-01
1.968060000000000209e-03 2.814414000000000082e-01 2.304866610000000093e-01 9.314839999999999787e-01
-2.530130999999999908e-01 1.671400000000000108e-01 3.902755379999999774e-01 8.693293330000000374e-01
-4.291719500000000243e-01 8.185161999999999993e-02 4.165946540000000087e-01 7.972204689999999871e-01
-4.291719500000000243e-01 8.185182000000000568e-02 4.165944759999999913e-01 7.972204999999999986e-01
1.535228639999999985e-02 4.300287660000000067e-01 1.642993090000000045e-01 8.876064000000000176e-01
-3.738754389999999761e-01 2.530286999999999953e-01 4.228353999999999724e-01 7.857505679999999826e-01
-6.146451000000000553e-01 9.742825480000000260e-02 4.830331500000000222e-01 6.159529999999999728e-01
-6.146449000000000495e-01 9.742840379999999356e-02 4.830330999999999930e-01 6.159532669999999710e-01
-5.229198000000000179e-02 5.658037660000000413e-01 1.566548349999999923e-01 8.078309000000000184e-01
-3.972221000000000224e-01 4.783010999999999791e-01 3.107578460000000042e-01 7.189383000000000301e-01
-5.712256999999999474e-01 3.805220000000000269e-01 4.249062000000000117e-01 5.902193000000000023e-01
-5.712256430000000051e-01 3.805220719999999890e-01 4.249061350000000181e-01 5.902193999999999496e-01
-1.377817540000000063e-01 7.105221999999999927e-01 1.953854110000000088e-01 6.618147490000000355e-01
-3.880342999999999987e-01 6.374211309999999742e-01 2.838998440000000123e-01 6.021001999999999743e-01
-4.846525489999999881e-01 5.799465999999999788e-01 3.880294000000000243e-01 5.274535000000000196e-01
-4.846525489999999881e-01 5.799465999999999788e-01 3.880294000000000243e-01 5.274535000000000196e-01
