-4.862960279999999913e-01 1.227547530000000053e+00 1.772549599999999892e-01
-5.013243560000000265e-01 1.259884599999999910e+00 1.764647510000000030e-01
-5.262853499999999851e-01 1.267219780000000018e+00 2.076727150000000077e-01
-5.523782999999999888e-01 1.263228540000000066e+00 2.236183579999999893e-01
-5.809560999999999753e-01 1.250502819999999904e+00 2.398216999999999988e-01
-5.596077000000000412e-01 1.275350999999999901e+00 1.769713910000000057e-01
-5.895785690000000523e-01 1.269187000000000065e+00 2.126127329999999982e-01
-5.923766000000000309e-01 1.264658209999999894e+00 2.410177290000000139e-01
-5.844979999999999620e-01 1.258068559999999891e+00 2.674113510000000193e-01
-5.667974350000000161e-01 1.250164870000000095e+00 1.789266909999999988e-01
-6.033642000000000172e-01 1.242303850000000098e+00 2.093666999999999889e-01
-6.006427410000000355e-01 1.243892189999999953e+00 2.410173710000000080e-01
-5.800064000000000330e-01 1.245194439999999902e+00 2.637946999999999931e-01
-5.673778000000000432e-01 1.224506499999999942e+00 1.834674629999999973e-01
-6.005618569999999767e-01 1.214709400000000050e+00 2.123067829999999989e-01
-6.013256310000000271e-01 1.216929200000000044e+00 2.412612140000000016e-01
-5.871807340000000375e-01 1.223850609999999950e+00 2.647543250000000126e-01
-5.603445000000000231e-01 1.201764819999999956e+00 1.878728719999999963e-01
-5.882224000000000341e-01 1.193637129999999935e+00 2.098997089999999899e-01
-5.923705000000000220e-01 1.197750450000000022e+00 2.320520130000000014e-01
-5.860303000000000040e-01 1.208209510000000098e+00 2.519261540000000132e-01
