-3.252967450000000121e-02 -1.847839360000000028e-02 -7.754565479999999678e-01 6.302917599999999787e-01
-3.226550519999999977e-01 -6.215669000000000333e-01 6.972542999999999935e-01 -1.529197539999999911e-01
3.588272330000000232e-01 6.775719519999999774e-01 -5.536522000000000387e-01 3.249744469999999996e-01
3.170021179999999994e-01 7.394150999999999918e-01 -4.678673740000000025e-01 3.658893999999999758e-01
3.170030999999999821e-01 7.394138569999999522e-01 -4.678698000000000023e-01 3.658880290000000035e-01
1.903227269999999971e-01 -4.113137419999999822e-01 6.310038999999999509e-01 -6.296285390000000426e-01
-3.762734229999999958e-01 5.736146570000000278e-01 -5.292130999999999919e-01 4.993178839999999896e-01
-4.655707479999999787e-01 6.649713999999999903e-01 -4.085500000000000242e-01 4.173054400000000275e-01
-4.655715000000000270e-01 6.649705000000000199e-01 -4.085495000000000099e-01 4.173065719999999867e-01
2.334599639999999920e-01 -2.434991300000000081e-01 6.033160690000000104e-01 -7.226438520000000310e-01
-5.348688360000000142e-01 5.068087999999999482e-01 -4.887592199999999942e-01 4.670916500000000249e-01
-6.559715000000000407e-01 6.362942999999999794e-01 -3.014471000000000234e-01 2.719571000000000072e-01
-6.559714669999999748e-01 6.362942459999999523e-01 -3.014472420000000041e-01 2.719572479999999848e-01
2.983208600000000210e-01 -1.689755619999999958e-01 5.497745000000000548e-01 -7.617083999999999522e-01
-5.922816400000000536e-01 3.863912820000000026e-01 -4.329073999999999978e-01 5.590129999999999821e-01
-7.283926609999999968e-01 4.948719440000000080e-01 -3.029996449999999841e-01 3.643312000000000217e-01
-7.283925409999999490e-01 4.948718550000000271e-01 -3.029997999999999858e-01 3.643314240000000148e-01
3.599170740000000035e-01 -4.149751000000000134e-02 5.088810320000000109e-01 -7.808826570000000356e-01
-6.464415000000000022e-01 2.406388369999999943e-01 -4.145934279999999861e-01 5.935645699999999580e-01
-7.824739000000000555e-01 3.434555000000000247e-01 -3.344144820000000129e-01 3.974166000000000087e-01
-7.824740409999999535e-01 3.434555000000000247e-01 -3.344143629999999923e-01 3.974164000000000030e-01
