1.863500329999999983e-01 4.479611809999999861e-01 2.018206569999999866e-01 8.508071299999999670e-01
1.206737910000000025e-01 -2.869829830000000248e-01 4.170549809999999913e-01 8.538990619999999865e-01
9.209709000000000645e-02 -2.667526299999999906e-01 1.672689470000000012e-01 9.446600680000000194e-01
2.773412000000000099e-02 -2.774958310000000261e-01 1.487681120000000079e-01 9.487335999999999547e-01
2.773666199999999873e-02 -2.774955330000000164e-01 1.487688420000000122e-01 9.487335000000000074e-01
-4.349970719999999604e-03 2.817791000000000046e-01 2.082035540000000129e-01 9.366072420000000065e-01
-2.614240999999999926e-01 1.746956560000000047e-01 3.699490730000000172e-01 8.742292520000000122e-01
-4.385428729999999997e-01 9.342949999999999866e-02 3.983112280000000172e-01 8.001870509999999825e-01
-4.385428729999999997e-01 9.342968999999999580e-02 3.983110489999999726e-01 8.001871000000000400e-01
1.133940930000000048e-02 4.277385770000000087e-01 1.455065160000000024e-01 8.920420000000000016e-01
-3.816450239999999994e-01 2.618944000000000272e-01 4.035295999999999883e-01 7.892544999999999700e-01
-6.229362489999999974e-01 1.123814959999999974e-01 4.677555560000000168e-01 6.168679000000000245e-01
-6.229360000000000452e-01 1.123816370000000064e-01 4.677554999999999907e-01 6.168681379999999548e-01
-5.039993000000000251e-02 5.648241000000000511e-01 1.331501750000000095e-01 8.128374000000000432e-01
-3.998523999999999967e-01 4.862581790000000126e-01 2.884613280000000168e-01 7.214300999999999631e-01
-5.755799000000000332e-01 3.932279650000000126e-01 4.062372450000000246e-01 5.908056499999999600e-01
-5.755797999999999748e-01 3.932280240000000093e-01 4.062371850000000006e-01 5.908056999999999892e-01
-1.330330220000000008e-01 7.140738370000000446e-01 1.837606430000000013e-01 6.622935530000000348e-01
-3.862828609999999774e-01 6.455800000000000427e-01 2.631392000000000175e-01 6.039617659999999555e-01
-4.810330569999999861e-01 5.930440430000000207e-01 3.664894699999999839e-01 5.315932629999999826e-01
-4.810330569999999861e-01 5.930440430000000207e-01 3.664894699999999839e-01 5.315932629999999826e-01
