2.791509329999999900e-01 9.562747480000000078e-01 -2.057993260000000046e-01
2.985764000000000196e-01 9.526109699999999458e-01 -2.354876700000000100e-01
3.303290609999999794e-01 9.272981000000000140e-01 -2.341350170000000008e-01
3.415902259999999968e-01 8.987083000000000155e-01 -2.367490529999999871e-01
3.520777820000000058e-01 8.650915620000000361e-01 -2.356946000000000041e-01
3.108637630000000152e-01 9.031200999999999812e-01 -2.676763529999999780e-01
3.292991219999999997e-01 8.602204319999999793e-01 -2.728053999999999757e-01
3.506322000000000050e-01 8.431816699999999942e-01 -2.633310560000000078e-01
3.710066679999999839e-01 8.347398000000000318e-01 -2.455619420000000053e-01
2.976510820000000113e-01 8.881342410000000465e-01 -2.506264449999999755e-01
3.097019999999999773e-01 8.419647999999999577e-01 -2.576048000000000227e-01
3.363207280000000132e-01 8.297820000000000196e-01 -2.451659999999999950e-01
3.583807999999999994e-01 8.363555000000000295e-01 -2.247576269999999876e-01
2.859248220000000229e-01 8.786779000000000117e-01 -2.293570789999999915e-01
2.982393799999999984e-01 8.354608999999999508e-01 -2.324415890000000040e-01
3.216262160000000203e-01 8.205350639999999807e-01 -2.238313849999999938e-01
3.480049370000000142e-01 8.203266000000000169e-01 -2.136320319999999995e-01
2.754984500000000058e-01 8.772543670000000349e-01 -2.075549220000000028e-01
2.912949619999999906e-01 8.445586999999999955e-01 -2.106975620000000049e-01
3.100029530000000255e-01 8.316584999999999672e-01 -2.077914999999999901e-01
3.324099480000000106e-01 8.253903999999999685e-01 -2.060004920000000073e-01
