-4.884359240000000213e-01 1.228569510000000031e+00 1.751228569999999929e-01
-5.036981000000000375e-01 1.260789509999999947e+00 1.740719530000000015e-01
-5.289309620000000045e-01 1.268120879999999895e+00 2.050614000000000048e-01
-5.551007390000000097e-01 1.264064670000000001e+00 2.208641169999999987e-01
-5.837040999999999480e-01 1.251295330000000039e+00 2.369877999999999985e-01
-5.620963570000000464e-01 1.275824309999999961e+00 1.741363109999999881e-01
-5.928179999999999561e-01 1.269277690000000014e+00 2.090630529999999987e-01
-5.961693000000000131e-01 1.264831419999999929e+00 2.374211699999999869e-01
-5.887111000000000427e-01 1.258547309999999975e+00 2.640107270000000006e-01
-5.691116000000000508e-01 1.250595810000000085e+00 1.761771739999999919e-01
-6.060111519999999974e-01 1.242542739999999979e+00 2.061620799999999976e-01
-6.037687659999999568e-01 1.244237540000000086e+00 2.378447800000000056e-01
-5.834996700000000258e-01 1.245879769999999942e+00 2.609278259999999738e-01
-5.695303000000000448e-01 1.224957470000000104e+00 1.808469440000000095e-01
-6.029839519999999897e-01 1.215156200000000020e+00 2.093716860000000013e-01
-6.041112539999999864e-01 1.217446330000000021e+00 2.383087580000000094e-01
-5.903616999999999893e-01 1.224611160000000032e+00 2.619630399999999804e-01
-5.623563529999999755e-01 1.202291489999999907e+00 1.854135839999999924e-01
-5.903809669999999787e-01 1.194240090000000087e+00 2.072816339999999924e-01
-5.947888999999999537e-01 1.198360089999999989e+00 2.293824550000000129e-01
-5.888558999999999877e-01 1.208918689999999962e+00 2.493295670000000019e-01
