-3.166656570000000309e-02 -2.256074179999999901e-02 -7.731597420000000387e-01 6.330185529999999838e-01
-3.217713529999999822e-01 -6.200459000000000387e-01 6.976290000000000546e-01 -1.591226609999999986e-01
3.569495999999999780e-01 6.756113000000000257e-01 -5.539138000000000117e-01 3.306298999999999766e-01
3.146664000000000128e-01 7.372345329999999697e-01 -4.687817000000000234e-01 3.710985479999999725e-01
3.146673999999999860e-01 7.372332999999999803e-01 -4.687841240000000242e-01 3.710972000000000159e-01
1.889371999999999996e-01 -3.991377999999999870e-01 6.281866999999999868e-01 -6.406037999999999455e-01
-3.778725000000000001e-01 5.621753329999999993e-01 -5.294233000000000411e-01 5.107663000000000064e-01
-4.697168469999999929e-01 6.541403000000000079e-01 -4.104029829999999990e-01 4.278269710000000003e-01
-4.697176000000000129e-01 6.541394000000000375e-01 -4.104024470000000036e-01 4.278280740000000026e-01
2.325807000000000013e-01 -2.357229289999999977e-01 6.020042300000000290e-01 -7.265890999999999877e-01
-5.354136000000000450e-01 4.991074799999999922e-01 -4.898730519999999755e-01 4.735488299999999762e-01
-6.584497689999999626e-01 6.292426589999999820e-01 -3.051844240000000097e-01 2.781368790000000035e-01
-6.584497000000000266e-01 6.292425999999999853e-01 -3.051845730000000145e-01 2.781370280000000084e-01
2.987341279999999877e-01 -1.611980349999999895e-01 5.495086000000000137e-01 -7.634222000000000508e-01
-5.931243299999999774e-01 3.786104000000000136e-01 -4.331532419999999939e-01 5.632373689999999877e-01
-7.301729319999999968e-01 4.872895179999999771e-01 -3.058045799999999925e-01 3.686196509999999926e-01
-7.301727999999999552e-01 4.872894289999999962e-01 -3.058047289999999974e-01 3.686199000000000003e-01
3.618129190000000106e-01 -3.456628999999999952e-02 5.085657999999999568e-01 -7.805493999999999488e-01
-6.469856499999999677e-01 2.329362630000000045e-01 -4.139194489999999949e-01 5.965076000000000267e-01
-7.829087999999999603e-01 3.351164759999999965e-01 -3.365792329999999777e-01 4.018279310000000271e-01
-7.829089000000000187e-01 3.351164759999999965e-01 -3.365791000000000199e-01 4.018277530000000097e-01
