-4.881256999999999957e-01 1.229632260000000032e+00 1.756344290000000086e-01
-5.032850500000000116e-01 1.261897999999999964e+00 1.745040860000000027e-01
-5.283042000000000016e-01 1.269412640000000092e+00 2.056226730000000058e-01
-5.544334650000000142e-01 1.265499589999999897e+00 2.215282000000000084e-01
-5.830219389999999891e-01 1.252879379999999987e+00 2.377951000000000092e-01
-5.616337000000000135e-01 1.277123809999999970e+00 1.746453000000000033e-01
-5.920151470000000193e-01 1.270753859999999902e+00 2.099007370000000039e-01
-5.952321999999999891e-01 1.266416999999999904e+00 2.382913229999999993e-01
-5.877501370000000058e-01 1.260201810000000089e+00 2.648904000000000258e-01
-5.687265400000000026e-01 1.251925710000000080e+00 1.767904909999999941e-01
-6.054884000000000377e-01 1.244000320000000048e+00 2.069778589999999863e-01
-6.031284999999999563e-01 1.245822549999999973e+00 2.386449579999999904e-01
-5.827927000000000524e-01 1.247489330000000063e+00 2.616674999999999973e-01
-5.692184000000000133e-01 1.226305479999999948e+00 1.815513669999999913e-01
-6.023643610000000148e-01 1.216530920000000071e+00 2.104421409999999992e-01
-6.033811999999999509e-01 1.218942280000000045e+00 2.393734600000000101e-01
-5.896035429999999522e-01 1.226125480000000101e+00 2.630058230000000274e-01
-5.621083000000000052e-01 1.203632349999999906e+00 1.861817689999999970e-01
-5.899039510000000375e-01 1.195524100000000089e+00 2.083193359999999938e-01
-5.942271000000000081e-01 1.199771169999999998e+00 2.304128559999999992e-01
-5.882025360000000536e-01 1.210395689999999913e+00 2.502973680000000201e-01
