2.882526999999999728e-01 9.631431000000000298e-01 -2.101753349999999909e-01
3.076328999999999869e-01 9.611022470000000206e-01 -2.400486470000000039e-01
3.403555149999999974e-01 9.370209999999999928e-01 -2.396996170000000037e-01
3.526760999999999924e-01 9.089660000000000517e-01 -2.431844469999999980e-01
3.644050360000000155e-01 8.757454000000000072e-01 -2.430813460000000037e-01
3.215714399999999862e-01 9.130954000000000015e-01 -2.737755000000000050e-01
3.416893999999999765e-01 8.711126999999999621e-01 -2.800420820000000255e-01
3.637436000000000003e-01 8.547169570000000549e-01 -2.710991999999999846e-01
3.845457429999999954e-01 8.466584679999999974e-01 -2.536505159999999925e-01
3.090222779999999836e-01 8.971203570000000349e-01 -2.571271660000000181e-01
3.224508460000000132e-01 8.515227440000000536e-01 -2.652557999999999860e-01
3.496042999999999790e-01 8.399814370000000530e-01 -2.533735999999999766e-01
3.715942500000000148e-01 8.468174000000000534e-01 -2.329757359999999888e-01
2.977765800000000129e-01 8.865971000000000268e-01 -2.361008079999999953e-01
3.118425000000000225e-01 8.440112469999999645e-01 -2.402801659999999895e-01
3.358609379999999978e-01 8.297398000000000273e-01 -2.323239450000000039e-01
3.623420600000000213e-01 8.301266000000000478e-01 -2.223989369999999910e-01
2.875339000000000089e-01 8.841299999999999715e-01 -2.143046859999999942e-01
3.040962999999999861e-01 8.518494370000000426e-01 -2.177773859999999895e-01
3.232613799999999871e-01 8.395316600000000129e-01 -2.153639350000000063e-01
3.459317679999999728e-01 8.341851999999999601e-01 -2.139357779999999931e-01
