1.934234649999999889e-01 4.502901999999999738e-01 2.323166000000000120e-01 8.401519659999999723e-01
1.440477520000000011e-01 -2.888549000000000255e-01 4.315246640000000022e-01 8.423772449999999967e-01
1.180627350000000020e-01 -2.642876510000000123e-01 1.857478170000000095e-01 9.389947650000000090e-01
5.560592000000000312e-02 -2.760108709999999910e-01 1.678338799999999909e-01 9.447527999999999482e-01
5.560844999999999677e-02 -2.760105429999999971e-01 1.678346099999999952e-01 9.447526339999999800e-01
6.625768730000000314e-03 2.816272679999999862e-01 2.404584439999999934e-01 9.288821000000000438e-01
-2.488879260000000093e-01 1.642680320000000083e-01 3.977061809999999920e-01 8.676985499999999574e-01
-4.251774549999999819e-01 7.728741000000000083e-02 4.232975840000000045e-01 7.962852999999999737e-01
-4.251774549999999819e-01 7.728761430000000154e-02 4.232973999999999903e-01 7.962853309999999851e-01
1.845199239999999880e-02 4.305570719999999851e-01 1.737316550000000126e-01 8.854927420000000549e-01
-3.702992199999999845e-01 2.490072399999999908e-01 4.304893000000000192e-01 7.845719460000000200e-01
-6.110014999999999752e-01 9.098731000000000180e-02 4.889242999999999784e-01 6.159154999999999491e-01
-6.110012529999999664e-01 9.098746000000000611e-02 4.889242349999999848e-01 6.159156999999999549e-01
-4.992566629999999755e-02 5.658076410000000278e-01 1.674954439999999933e-01 8.058002589999999632e-01
-3.952913279999999974e-01 4.748399999999999843e-01 3.191656469999999968e-01 7.186133000000000104e-01
-5.690868000000000038e-01 3.751241269999999739e-01 4.319971499999999964e-01 5.905934569999999884e-01
-5.690867299999999851e-01 3.751242000000000187e-01 4.319971000000000227e-01 5.905934999999999935e-01
-1.381030000000000035e-01 7.094044999999999934e-01 2.064394210000000118e-01 6.595872999999999875e-01
-3.878275159999999833e-01 6.338584419999999664e-01 2.927852570000000210e-01 6.017394000000000354e-01
-4.838597179999999942e-01 5.753227469999999677e-01 3.956051469999999903e-01 5.276174999999999615e-01
-4.838597179999999942e-01 5.753227469999999677e-01 3.956051469999999903e-01 5.276174999999999615e-01
