2.917947169999999812e-01 9.661982999999999544e-01 -2.120932640000000036e-01
3.112000819999999890e-01 9.647834299999999974e-01 -2.419864240000000055e-01
3.441197280000000136e-01 9.409712000000000076e-01 -2.417177000000000076e-01
3.568019000000000052e-01 9.131202699999999561e-01 -2.455275510000000105e-01
3.690560159999999867e-01 8.800925609999999955e-01 -2.459654659999999937e-01
3.257798250000000229e-01 9.173845000000000471e-01 -2.762969730000000013e-01
3.465883730000000051e-01 8.758467439999999549e-01 -2.832373999999999725e-01
3.688972999999999836e-01 8.596697450000000407e-01 -2.745310369999999778e-01
3.898512419999999867e-01 8.517368440000000485e-01 -2.572069000000000161e-01
3.134459259999999858e-01 9.010399580000000297e-01 -2.598475809999999941e-01
3.275170330000000130e-01 8.557599999999999651e-01 -2.686378660000000029e-01
3.548684999999999756e-01 8.444648390000000227e-01 -2.569752339999999968e-01
3.768166000000000015e-01 8.513782619999999968e-01 -2.365584219999999904e-01
3.023424000000000111e-01 8.901101999999999626e-01 -2.389534409999999887e-01
3.170460159999999861e-01 8.478191000000000477e-01 -2.438667569999999896e-01
3.412764669999999723e-01 8.337664599999999870e-01 -2.361681160000000113e-01
3.677836999999999912e-01 8.343589999999999618e-01 -2.263232000000000022e-01
2.921340000000000048e-01 8.872391579999999722e-01 -2.171907279999999996e-01
3.092015390000000252e-01 8.552887999999999602e-01 -2.212260510000000069e-01
3.285375240000000252e-01 8.431984999999999619e-01 -2.190364300000000042e-01
3.512715699999999774e-01 8.380933000000000410e-01 -2.177437690000000037e-01
